12345
44827
45439
94485
72198
80992
8880
40961
58765
46561
13418
41954
46782
92730
89229
25646
74288
25945
39876
8498
34684
62316
71331
59717
76893
44091
73241
19242
17476
39566
81293
25857
74343
39410
5505
27104
54003
23501
21110
88399
49740
31552
39998
19755
64624
37817
43427
15115
44327
7715
15248
61895
54759
54270
51332
63481
12362
94476
87810
6027
47551
79498
81226
4256
62734
25666
14781
21412
55205
65516
53535
4437
43442
91308
1312
36268
34289
46384
18097
9401
54249
29247
13115
23053
3875
16044
55274
93397
78768
82003
85014
54090
96665
91178
42639
8171
49175
50989
68498
90378
46497
60745
70537
96909
53513
51776
59576
17313
91942
53842
47215
9376
36356
83875
75634
29828
28763
6018
80507
66552
41017
48746
39201
89426
55921
65747
14823
44084
5031
39369
27190
13085
75809
48575
61584
65423
13267
87289
95611
3351
13304
72472
61477
1206
40103
83922
14432
62816
83637
36222
3863
73581
77006
41779
12333
32725
88070
53477
64349
97899
30036
10484
47902
61407
76795
88674
5358
10376
26692
60393
20323
31001
82351
60643
94216
19987
5098
75664
44671
45736
9216
12585
11302
33096
13967
57004
64196
73929
24800
25081
90033
45919
54827
73950
56978
8133
61900
47769
631
2284
60074
35959
57158
90990
27935
99927
41785
32660
4328
42067
8743
38613
21100
77864
6523
6927
82930
35846
31785
41846
72387
59334
65520
93781
55840
80842
59022
23298
27709
96791
75635
52899
66831
55274
93397
78768
82003
85014
54090
96665
91178
42639
8171
49175
50989
68498
90378
46497
60745
70537
96909
53513
51776
59576
17313
91942
53842
47215
9376
36356
83875
75634
29828
28763
6018
80507
66552
41017
48746
39201
89426
55921
65747
14823
44084
5031
39369
27190
13085
75809
48575
61584
65423
13267
87289
95611
3351
13304
72472
61477
1206
40103
83922
14432
62816
83637
36222
3863
73581
77006
41779
12333
32725
88070
53477
64349
97899
30036
10484
47902
61407
76795
88674
5358
10376
26692
60393
20323
31001
82351
60643
94216
19987
5098
75664
44671
45736
9216
12585
11302
33096
13967
57004
64196
73929
24800
25081
90033
45919
54827
73950
56978
8133
61900
47769
631
2284
60074
35959
57158
90990
27935
99927
41785
32660
4328
42067
8743
38613
21100
77864
6523
6927
82930
35846
31785
41846
72387
59334
65520
93781
55840
80842
59022
23298
27709
96791
75635
52899
66831
55274
93397
78768
82003
85014
54090
96665
91178
42639
8171
49175
50989
68498
90378
46497
60745
70537